   13.9700
   14.0500
   14.0300
   14.0600
   13.7900
   13.9000
   13.9500
   13.9800
   13.9300
   14.0600
   14.0300
   13.9100
   14.0100
   14.1500
   13.9200
   13.9900
   13.8900
   14.1800
   14.0700
   14.1700
   14.2800
   14.3300
   14.1300
   14.3100
   14.1600
   14.1200
   14.1900
   14.3400
   14.4000
   14.2900
   14.4400
   14.4300
   14.2300
   14.2400
   14.3200
   14.4600
   14.3500
   14.4800
   14.6400
   14.4200
   14.4200
   14.5500
   14.6300
   14.6200
   14.5500
   14.6900
   14.6300
   14.6600
   14.5400
   14.6500
   14.7200
   14.6100
   14.6300
   14.6600
   14.7500