  -9.0000000e+01
  -8.8105263e+01
  -8.6210526e+01
  -8.4315789e+01
  -8.2421053e+01
  -8.0526316e+01
  -7.8631579e+01
  -7.6736842e+01
  -7.4842105e+01
  -7.2947368e+01
  -7.1052632e+01
  -6.9157895e+01
  -6.7263158e+01
  -6.5368421e+01
  -6.3473684e+01
  -6.1578947e+01
  -5.9684211e+01
  -5.7789474e+01
  -5.5894737e+01
  -5.4000000e+01
  -5.2105263e+01
  -5.0210526e+01
  -4.8315789e+01
  -4.6421053e+01
  -4.4526316e+01
  -4.2631579e+01
  -4.0736842e+01
  -3.8842105e+01
  -3.6947368e+01
  -3.5052632e+01
  -3.3157895e+01
  -3.1263158e+01
  -2.9368421e+01
  -2.7473684e+01
  -2.5578947e+01
  -2.3684211e+01
  -2.1789474e+01
  -1.9894737e+01
  -1.8000000e+01
  -1.6105263e+01
  -1.4210526e+01
  -1.2315789e+01
  -1.0421053e+01
  -8.5263158e+00
  -6.6315789e+00
  -4.7368421e+00
  -2.8421053e+00
  -9.4736842e-01
   9.4736842e-01
   2.8421053e+00
   4.7368421e+00
   6.6315789e+00
   8.5263158e+00
   1.0421053e+01
   1.2315789e+01
   1.4210526e+01
   1.6105263e+01
   1.8000000e+01
   1.9894737e+01
   2.1789474e+01
   2.3684211e+01
   2.5578947e+01
   2.7473684e+01
   2.9368421e+01
   3.1263158e+01
   3.3157895e+01
   3.5052632e+01
   3.6947368e+01
   3.8842105e+01
   4.0736842e+01
   4.2631579e+01
   4.4526316e+01
   4.6421053e+01
   4.8315789e+01
   5.0210526e+01
   5.2105263e+01
   5.4000000e+01
   5.5894737e+01
   5.7789474e+01
   5.9684211e+01
   6.1578947e+01
   6.3473684e+01
   6.5368421e+01
   6.7263158e+01
   6.9157895e+01
   7.1052632e+01
   7.2947368e+01
   7.4842105e+01
   7.6736842e+01
   7.8631579e+01
   8.0526316e+01
   8.2421053e+01
   8.4315789e+01
   8.6210526e+01
   8.8105263e+01
