   2.9400000e+02
   2.9000000e+02
   2.8500000e+02
   2.7900000e+02
   2.7300000e+02
   2.6700000e+02
   2.6100000e+02
   2.5500000e+02
   2.4800000e+02
   2.4200000e+02
   2.3500000e+02
   2.2900000e+02
   2.2200000e+02
   2.1600000e+02
   2.1600000e+02
   2.1600000e+02
   2.1600000e+02
   2.1600000e+02
   2.1600000e+02
   2.1700000e+02
   2.1800000e+02
   2.1900000e+02
   2.2000000e+02
   2.2200000e+02
   2.2300000e+02
   2.2400000e+02
   2.2549900e+02
   2.2738100e+02
   2.2950300e+02
   2.3174400e+02
   2.3400000e+02
   2.3619100e+02
   2.3834100e+02
   2.4049500e+02
   2.4269700e+02
   2.4500000e+02
   2.4744300e+02
   2.4999800e+02
   2.5262700e+02
   2.5530300e+02
   2.5800000e+02
   2.6069300e+02
   2.6334700e+02
   2.6591900e+02
   2.6835800e+02
   2.7060000e+02
   2.7257000e+02
   2.7420600e+02
   2.7541900e+02
   2.7608000e+02
   2.7600000e+02
